1500
-1000 -160
-998 694
-996 -689
-996 92
-993 -586
-990 -713
-985 -978
-984 -593
-977 -15
-975 -333
-974 -808
-973 698
-972 454
-968 -326
-968 8
-967 186
-965 -528
-964 474
-960 243
-956 -836
-955 25
-954 -125
-951 -662
-948 721
-947 309
-947 436
-947 875
-946 -443
-946 441
-945 -759
-945 772
-944 -733
-943 -687
-943 136
-942 23
-941 -497
-940 679
-939 -336
-938 -429
-938 374
-937 -685
-934 -779
-932 -521
-931 785
-930 -479
-930 -95
-929 -569
-929 662
-925 146
-924 -330
-921 -755
-920 587
-920 674
-919 -932
-919 6
-918 452
-913 259
-913 464
-912 154
-910 134
-908 -263
-903 625
-902 912
-899 564
-898 -37
-898 191
-898 255
-897 991
-896 -116
-895 -216
-895 109
-894 140
-890 520
-888 -877
-888 -341
-888 341
-888 495
-884 -624
-883 -348
-883 209
-880 523
-879 -646
-879 -553
-878 -831
-878 -666
-877 -696
-875 -662
-875 246
-874 -76
-873 604
-873 987
-870 46
-870 559
-867 686
-866 -40
-865 -246
-864 610
-863 -802
-862 -396
-859 -650
-857 649
-857 727
-856 852
-854 -287
-850 -456
-850 63
-850 685
-849 -787
-849 928
-848 494
-848 659
-846 -726
-844 351
-843 759
-842 -237
-841 840
-834 -789
-833 315
-832 253
-832 852
-830 -59
-828 -810
-828 -8
-828 4
-827 133
-824 818
-823 329
-821 727
-820 -817
-820 -755
-820 -202
-820 335
-820 746
-819 965
-818 -792
-817 402
-815 690
-814 47
-813 891
-812 915
-810 -946
-810 820
-808 -549
-807 -277
-806 -720
-806 510
-803 693
-801 -983
-801 -130
-801 819
-800 920
-799 -543
-799 75
-799 970
-798 804
-797 -573
-795 -103
-794 -327
-794 580
-794 653
-794 813
-793 401
-793 845
-791 -876
-791 550
-790 103
-790 402
-786 -318
-785 -411
-785 330
-784 -884
-782 943
-779 -581
-778 -446
-777 -801
-777 59
-774 -489
-774 921
-773 -477
-772 -5
-772 525
-770 -457
-770 242
-770 627
-770 911
-767 -756
-765 129
-765 315
-765 978
-764 -76
-763 -217
-761 -170
-760 -736
-757 -10
-757 425
-756 -7
-755 -720
-753 285
-751 373
-751 494
-750 -695
-748 -9
-746 104
-745 563
-744 -831
-743 -497
-741 765
-740 43
-736 -580
-736 47
-734 -736
-734 925
-732 -746
-728 -476
-728 191
-728 344
-728 894
-727 867
-726 952
-723 -255
-720 535
-718 349
-716 -282
-715 -91
-714 -211
-713 135
-712 -690
-711 703
-710 767
-709 -883
-709 -406
-709 439
-707 227
-704 -974
-703 266
-702 557
-701 -147
-700 407
-699 -162
-697 -200
-693 -246
-691 -538
-689 -444
-689 -419
-688 -519
-688 -97
-688 401
-686 -894
-686 812
-685 -682
-682 -872
-680 -312
-679 -586
-678 -798
-678 562
-678 921
-677 598
-676 -680
-676 573
-671 41
-670 -248
-667 -440
-665 -944
-665 452
-659 -350
-656 -233
-655 206
-652 -639
-652 508
-650 -939
-650 -799
-650 536
-649 -183
-649 -162
-647 128
-647 939
-646 -615
-644 236
-639 -442
-639 -295
-638 234
-632 -537
-632 326
-632 753
-630 -660
-630 -628
-630 -425
-628 985
-627 -302
-627 220
-626 -630
-626 973
-625 -429
-622 -122
-620 207
-618 -94
-618 106
-617 -941
-614 -313
-611 358
-608 -645
-607 -824
-606 70
-603 989
-597 143
-596 -277
-596 781
-595 93
-594 -367
-594 86
-591 -215
-587 -860
-586 606
-584 -429
-583 -499
-582 770
-579 -292
-579 -86
-579 181
-578 -788
-576 914
-575 606
-575 705
-570 -127
-570 730
-568 -247
-567 -743
-561 878
-558 227
-558 311
-556 198
-554 -815
-554 998
-553 -510
-552 224
-551 676
-549 819
-548 -514
-548 536
-546 635
-543 -372
-543 623
-538 -689
-538 -97
-538 491
-537 -366
-534 261
-531 769
-528 -299
-526 -467
-524 295
-523 103
-521 -783
-519 -993
-519 995
-518 165
-518 230
-516 -296
-516 -253
-515 339
-515 750
-514 716
-513 -741
-512 690
-510 -676
-510 212
-510 1000
-508 238
-506 -147
-504 306
-503 -490
-500 -699
-499 -614
-497 -522
-497 -278
-497 -237
-496 72
-496 198
-495 619
-491 -26
-490 -319
-490 828
-488 -129
-488 44
-487 -329
-486 936
-485 -535
-483 699
-482 -607
-482 526
-481 718
-480 -353
-480 306
-479 22
-476 -937
-476 -597
-475 140
-475 292
-475 734
-475 973
-473 -417
-471 352
-470 -584
-469 -413
-467 330
-466 -142
-464 -887
-464 -50
-464 5
-464 84
-464 198
-463 -347
-462 -505
-460 -288
-460 496
-459 -438
-459 908
-458 -234
-456 158
-455 529
-452 358
-450 591
-446 274
-446 289
-445 -341
-443 -999
-442 -11
-440 -845
-439 99
-437 492
-436 647
-436 715
-434 388
-433 -135
-432 68
-432 255
-431 610
-430 -555
-430 863
-427 -25
-426 75
-424 606
-422 456
-420 -402
-419 -503
-418 349
-417 -820
-417 156
-416 189
-415 671
-414 22
-413 187
-412 -239
-412 697
-411 656
-408 -433
-407 -448
-406 481
-405 435
-403 -105
-403 983
-402 -386
-402 -288
-402 180
-402 780
-399 -352
-399 636
-398 245
-397 108
-395 133
-394 9
-391 656
-390 821
-387 -474
-387 478
-385 -496
-384 -62
-383 -534
-383 582
-382 -321
-381 -526
-380 450
-380 531
-378 12
-377 839
-376 -426
-376 -169
-376 -17
-374 -1000
-373 783
-371 -197
-370 -209
-370 404
-369 532
-369 956
-368 -946
-367 134
-365 -192
-361 -664
-361 153
-359 531
-358 366
-355 -337
-347 -984
-345 -5
-343 -92
-343 612
-342 -577
-342 710
-341 501
-340 -468
-339 -145
-338 -65
-336 -930
-336 405
-333 -973
-333 -715
-331 911
-330 792
-329 -833
-329 225
-328 447
-326 -464
-326 -137
-325 -370
-324 115
-322 -422
-321 -887
-319 -127
-314 789
-313 245
-312 -591
-307 -92
-306 -783
-306 14
-305 730
-304 -929
-304 -581
-303 134
-301 -473
-299 -316
-299 427
-299 430
-298 -205
-295 -84
-295 897
-294 -712
-290 153
-290 336
-288 -743
-288 109
-288 115
-287 -234
-286 -889
-285 92
-285 631
-284 -824
-280 480
-280 657
-278 -310
-276 24
-274 -927
-274 378
-272 -738
-272 991
-271 259
-270 24
-270 186
-268 -288
-265 536
-264 637
-263 340
-260 -8
-259 -882
-259 879
-255 -509
-253 -540
-253 202
-253 924
-252 -962
-252 -732
-252 46
-252 268
-251 600
-250 339
-247 662
-246 105
-246 847
-244 270
-243 84
-240 499
-235 889
-231 426
-230 922
-229 -195
-228 -516
-228 406
-227 -615
-226 690
-224 -1000
-224 904
-223 -757
-223 887
-222 942
-221 -299
-217 703
-216 724
-214 82
-213 -478
-213 166
-213 533
-212 -940
-212 -178
-210 156
-210 519
-209 -689
-207 400
-207 566
-203 -778
-201 -950
-200 -516
-197 -878
-197 -375
-197 253
-195 -522
-195 167
-195 291
-193 -191
-193 660
-190 228
-188 -879
-187 -822
-187 -149
-186 746
-183 234
-180 465
-177 542
-175 857
-173 223
-172 -635
-172 -448
-171 -227
-171 26
-166 329
-159 564
-155 -549
-154 -415
-149 -868
-149 789
-148 -978
-148 378
-147 196
-146 741
-144 149
-144 586
-144 964
-143 350
-139 -14
-139 180
-137 502
-137 843
-134 -335
-134 920
-133 30
-131 895
-130 867
-129 -872
-128 -835
-126 906
-124 -362
-123 -311
-121 -532
-121 -258
-121 572
-120 249
-120 578
-119 -694
-117 153
-110 -693
-110 271
-108 65
-107 281
-106 -561
-105 -660
-105 -63
-104 966
-103 725
-102 875
-97 -370
-96 931
-95 215
-94 -512
-92 -758
-92 249
-90 -337
-90 688
-89 800
-85 -719
-82 5
-81 -262
-81 539
-80 172
-79 -622
-78 -680
-77 -620
-77 -258
-77 20
-75 -770
-74 -953
-72 -181
-69 -648
-67 -424
-63 697
-61 -104
-59 -506
-58 -926
-57 -680
-57 -569
-57 633
-53 -317
-53 779
-46 976
-44 976
-43 -698
-40 534
-39 -352
-37 -165
-37 371
-37 795
-34 -920
-34 -742
-33 518
-30 -128
-28 -537
-28 80
-27 -166
-26 -781
-25 -326
-25 158
-25 213
-24 461
-23 417
-21 -54
-21 646
-20 806
-19 -957
-19 562
-17 -401
-15 717
-15 890
-14 -522
-14 990
-13 -284
-13 -140
-11 -411
-10 352
-9 392
-4 -932
-2 501
0 -921
1 836
2 710
4 -481
4 -376
4 30
5 816
5 866
7 -670
8 845
9 398
13 -451
13 -106
13 185
16 334
21 -151
22 840
23 838
25 320
27 -624
27 413
28 509
30 745
30 819
31 -94
34 910
35 -39
37 -76
37 853
38 -618
38 449
38 655
39 842
41 -432
44 711
47 -776
47 -120
47 479
48 -633
48 -436
49 665
53 -489
53 712
54 388
55 -451
56 -586
56 945
57 -937
57 444
59 18
60 -979
60 776
61 202
62 -628
62 586
64 271
66 -319
66 -234
68 -266
70 -792
72 5
73 -436
74 -881
76 -525
76 -6
77 -336
78 -83
80 802
82 711
83 -704
84 554
86 80
88 -180
89 -699
92 -765
92 -181
93 -969
95 -871
95 -121
95 550
96 -417
99 -628
99 243
101 -197
104 -349
105 228
106 69
106 314
107 714
108 -948
109 44
112 -943
112 744
113 -903
113 694
115 -904
115 737
115 810
115 958
116 -778
116 242
117 -835
117 74
118 -56
121 -826
121 -597
130 632
132 383
137 -396
137 189
137 724
139 -291
141 -277
141 546
143 278
144 461
144 886
146 -867
149 -313
150 -125
151 -910
151 -803
153 74
154 -544
154 953
158 -976
158 -823
160 563
162 544
164 242
165 869
166 -780
168 971
169 987
171 -66
172 -793
172 521
173 -963
173 -564
175 -636
175 973
176 -751
176 787
177 -367
180 -807
180 -248
180 840
180 921
181 266
183 439
184 291
185 662
185 670
187 -236
189 896
190 -277
192 81
192 402
194 -667
195 358
196 343
197 711
200 -923
200 -228
201 -519
202 910
204 -285
204 590
208 -693
208 -279
209 -269
209 29
215 443
216 -568
218 -610
220 -101
220 895
221 -901
225 -572
226 -532
229 491
230 -254
232 -78
232 50
234 -466
235 880
237 -381
238 -572
239 988
242 -522
243 -742
244 -687
244 -284
245 -850
246 243
246 374
247 583
248 -401
253 -523
253 12
254 -691
256 146
257 -378
257 751
259 -858
259 133
262 83
262 353
266 -517
268 715
271 -872
274 -441
275 -580
276 895
277 -542
278 -623
282 -143
283 -49
285 -373
288 -703
291 -806
291 -533
292 -601
292 5
292 220
293 84
295 -346
295 -111
295 83
296 -345
297 332
298 52
298 203
301 -721
301 -382
304 -927
305 -763
305 871
306 39
307 -98
308 -573
308 -102
308 -91
308 208
308 248
308 670
309 112
311 -194
312 376
313 -423
313 528
314 513
317 -740
317 -526
317 -411
319 -371
323 -621
326 -838
329 -532
329 366
330 854
331 -906
331 155
338 929
343 -855
344 986
345 -985
345 833
346 144
347 -405
347 -124
349 -588
352 778
353 -192
360 -990
363 -322
371 38
376 -177
377 -515
377 -448
377 517
378 -656
378 -162
379 -720
383 910
385 410
387 -364
387 546
388 159
390 -690
390 423
391 324
391 684
393 -6
394 -807
394 39
395 -915
396 -896
400 932
401 -709
401 -590
402 -527
404 938
407 730
411 -763
412 -91
412 594
412 973
413 889
414 101
415 112
416 198
417 -22
419 -871
424 -695
424 141
425 362
426 357
427 -598
431 -687
431 -652
433 -104
433 -47
434 470
436 507
437 -858
438 -974
438 -366
438 276
438 546
439 -734
440 -650
442 475
443 -269
448 -327
450 936
453 -796
455 794
457 658
460 -824
463 -910
464 663
464 734
467 -339
468 -398
469 -878
469 765
469 857
470 -116
472 55
472 286
474 -54
475 -497
475 224
477 -35
480 -743
481 464
481 816
485 949
486 -679
488 -901
488 -696
490 237
491 452
492 -611
493 -590
496 -401
499 -770
500 270
501 -601
501 -398
504 -155
504 956
505 -947
505 -1
505 855
507 386
511 -972
513 250
513 675
517 -377
517 610
517 686
517 911
519 -351
519 134
521 936
522 -900
522 393
523 -517
524 -487
526 673
526 827
528 -19
528 391
529 -646
530 655
531 569
533 -267
535 27
536 -499
538 -828
538 524
542 -816
543 -117
544 -814
544 -18
545 -404
545 654
546 -252
548 -327
552 780
555 -563
555 -441
555 47
556 936
557 -981
558 -613
561 143
563 245
563 447
563 578
564 -800
564 790
565 -60
568 -910
568 248
568 445
568 857
569 580
569 849
571 -460
571 -298
572 378
573 506
575 -129
575 173
576 457
578 -897
579 310
579 311
580 797
582 -871
582 -398
591 355
592 879
593 -781
593 -333
595 -381
596 -96
596 464
599 -990
599 -132
601 -575
602 -724
610 667
613 -342
614 489
615 993
616 -79
619 -344
620 486
623 -44
623 632
623 807
624 459
625 -844
626 -901
626 623
627 -118
627 146
627 751
628 978
629 -802
630 510
631 -110
634 267
636 482
637 211
637 668
639 78
640 -485
641 -7
641 113
643 -291
645 -381
645 -353
645 506
646 -607
648 -156
648 -10
648 713
649 -945
650 621
651 -360
652 144
653 319
654 595
655 577
656 -246
658 271
660 -821
661 -561
661 654
664 831
664 914
665 -327
666 663
666 841
667 -22
669 -508
670 211
670 413
672 116
673 84
673 118
673 350
674 500
675 -913
677 -636
677 914
679 -99
679 169
679 805
680 671
682 896
686 232
688 -990
688 -768
689 -7
689 236
689 386
689 683
690 -2
692 -709
694 147
699 478
701 848
702 181
704 564
705 -829
706 415
709 226
716 131
717 592
717 637
719 -248
721 -172
722 -663
722 436
723 -263
725 -424
727 782
728 320
731 -462
731 -127
731 933
732 -137
732 379
733 -870
733 616
734 -616
734 -259
736 -90
736 624
739 449
740 -693
744 -510
745 679
746 -905
747 747
750 -152
753 778
757 -701
759 -118
759 610
761 -162
761 278
762 -286
764 -3
764 211
766 667
767 983
768 -960
768 74
769 870
770 506
773 -416
775 -821
775 586
775 875
776 -885
776 -425
780 576
780 690
781 -371
783 -433
783 198
783 977
785 -977
786 576
788 -821
789 779
790 570
791 -739
794 365
794 432
795 -660
795 594
797 -326
797 494
798 -196
803 931
808 -845
808 523
809 577
813 -192
814 -749
814 485
817 779
818 660
820 135
820 978
826 -510
829 -823
830 261
830 988
832 270
833 -721
834 -552
835 431
836 -746
836 231
839 830
840 -537
841 951
842 -883
843 366
845 290
846 -930
846 -165
848 -724
848 -352
849 -357
852 -188
856 -588
858 -420
859 391
859 715
863 226
864 -783
866 177
866 662
867 -252
867 567
871 -704
874 -354
877 -329
878 -557
880 -609
882 -785
882 -419
882 -150
884 657
885 -550
886 405
894 449
895 690
895 926
897 -55
899 -597
904 -996
905 49
906 405
906 627
908 366
909 -124
909 83
912 -842
912 -297
914 -55
914 597
915 -727
922 -151
926 -993
928 -50
928 532
930 -794
933 -241
934 -28
935 652
936 -633
936 -439
936 -274
938 -828
938 -785
938 832
939 -285
940 962
941 -201
942 680
947 315
948 -94
949 140
951 -172
954 631
958 -20
958 438
958 802
963 365
963 657
964 -862
964 -825
964 948
965 -355
967 -574
969 -339
971 468
971 900
973 408
974 456
974 508
976 864
978 -379
979 948
981 -190
982 -993
983 196
985 -805
985 -718
986 -493
988 -967
989 -125
989 619
992 -399
993 -919
993 131
994 -196
999 342
1000 62
1000 552
