1000
-99895 58937
-99852 85844
-99662 -88094
-99526 44833
-99186 -513
-99131 92091
-98798 93547
-98345 -61267
-98283 -48904
-97766 49292
-97699 -89363
-97363 -76188
-97144 38164
-97135 695
-97123 -24080
-97039 22049
-96967 34983
-96902 55587
-96659 -1243
-96642 -86862
-95453 74419
-95439 73974
-95151 19442
-95030 64879
-95018 64257
-94966 -41341
-94846 -73764
-94710 -73417
-94062 30256
-93806 -45724
-93699 41020
-93543 51291
-93409 89242
-93313 -19761
-93236 45911
-92892 -38968
-92757 -30444
-92351 -90258
-91889 -62362
-91798 -31682
-91774 -88052
-91688 -54148
-91153 25447
-91128 -68240
-91040 99176
-90303 91649
-89913 67793
-89563 -75895
-89081 -74553
-88765 -40673
-88538 -41162
-88430 -81864
-88249 47437
-88197 75263
-87941 -24730
-87832 54585
-87757 -91216
-87598 -12240
-87417 67966
-87167 68141
-87143 -54037
-86960 71066
-86891 -13120
-86629 -54059
-86533 -88772
-86217 -51249
-86133 -56922
-85640 54735
-85407 81824
-85359 -89974
-85038 -38494
-84824 17646
-84757 31838
-84730 20704
-84709 43800
-84555 33425
-84403 3379
-84348 -93752
-84247 49742
-84191 -19966
-84076 67802
-83867 28026
-83626 71636
-83615 54298
-83458 63667
-83121 -81798
-83099 56919
-82787 -54801
-82775 -48857
-82652 -96133
-82154 12876
-82079 89115
-82014 -45284
-81714 88433
-81548 -47119
-81089 99118
-79679 -95276
-79499 72764
-78807 -56759
-78802 -21411
-78488 78604
-78093 39827
-78024 11825
-77967 21879
-77562 -80449
-77476 -68545
-77061 35876
-76989 42199
-76562 -89726
-76361 -4792
-76095 -55716
-75933 -34157
-75696 8200
-75547 23861
-75127 -20028
-74998 66538
-74762 -52131
-74567 -33190
-74459 4614
-74325 42236
-74118 89325
-73877 69418
-73492 28066
-73111 17613
-73023 -4130
-72981 -81660
-72839 -9345
-72240 16930
-72057 55195
-71938 32511
-71900 19023
-71578 -53877
-71578 -38402
-71557 -89779
-71026 96883
-70297 -66722
-70274 83658
-69959 -85529
-69948 -61288
-69777 -5284
-69711 -8362
-69694 77193
-69507 -76901
-69427 36955
-69422 76173
-69140 -16520
-69110 -69458
-68822 -8903
-68504 -14392
-68278 -41571
-67498 -77849
-67467 32638
-67459 48729
-67341 -174
-66704 -87816
-66598 -12986
-66121 -86858
-66076 75492
-65992 -68526
-65950 76829
-65660 9969
-65610 15208
-65327 -18599
-65174 -54706
-65127 78204
-65094 -73594
-65066 32551
-64184 -39095
-64160 -50503
-63940 -71868
-63846 47066
-63776 528
-63673 34550
-63116 42912
-62171 20948
-61888 55837
-61856 29164
-61521 95747
-61509 -50115
-61439 20277
-61402 -41123
-61266 36153
-61085 12812
-61003 36762
-60933 -85412
-60847 82421
-60756 58437
-60718 23661
-60510 38917
-60182 33706
-59878 98368
-59786 89575
-59766 50532
-59753 47821
-59447 93664
-59419 52444
-59405 97173
-59400 -91375
-59176 72216
-59004 72471
-58891 -48852
-58881 -48665
-58876 85991
-58818 -42629
-58786 -63227
-58701 -36145
-58698 19693
-58496 -94930
-58276 -21734
-58197 45728
-58020 4749
-57995 -86793
-57656 83888
-57538 -98776
-57530 -2322
-57431 -81474
-57348 11413
-57169 3284
-57074 -50985
-56910 -40087
-56871 -79609
-56863 -63077
-56861 -24856
-56726 -46914
-56471 87398
-56369 27001
-55933 51770
-55922 65277
-55909 50048
-55430 -29676
-55296 -21199
-54986 32634
-54763 -26746
-54586 52506
-53919 -67625
-53834 79951
-53822 72395
-53190 -40337
-53150 -23955
-53098 66852
-52842 -51407
-52699 20006
-52637 -62483
-51781 31358
-51712 -18223
-51642 68144
-51336 -27973
-51249 -92106
-51245 -26816
-51003 81941
-50883 97702
-50838 -82721
-50746 -61912
-50670 -15130
-50654 -10694
-50377 70834
-50157 -53574
-49573 -39748
-49458 61038
-49450 24866
-49415 -97901
-49226 -28289
-48876 93695
-48741 -67674
-48624 3127
-48325 82733
-47962 -39064
-47816 -24320
-47544 87892
-47431 46145
-47378 -34581
-47307 -50307
-47300 58038
-47295 34270
-47109 94750
-47101 4954
-46829 -83326
-46568 -65749
-46432 -18363
-46380 372
-46288 49127
-46239 68110
-46171 30022
-45976 -47656
-45945 -49956
-45821 -8284
-45439 49425
-45395 -27757
-45298 -56156
-45122 -92546
-44414 -18884
-44346 46471
-44336 -5543
-44216 -30797
-44166 -19046
-44061 -79592
-43850 -85651
-43481 -4047
-43457 21731
-43352 -45647
-43209 -86558
-43127 47702
-43102 13623
-43014 73987
-42972 74427
-42413 -34670
-42270 58707
-42106 39997
-42014 -69041
-41442 20543
-41416 57258
-40711 46209
-40555 59772
-40459 58853
-40196 -80749
-40069 -25677
-40050 -92176
-40012 -46358
-39719 82678
-39708 23291
-39379 -94153
-39376 -74554
-39333 -61118
-39156 95128
-39150 -90078
-38849 77134
-38838 -11491
-38809 -27478
-38452 43661
-38368 -52480
-37974 8596
-37833 -21215
-37497 99778
-37449 97153
-37207 74827
-36624 22123
-36528 -13593
-36055 72800
-35794 90205
-35690 -58262
-35545 69046
-35185 61706
-35134 -4632
-35125 85851
-34883 25977
-34308 -66852
-34247 51924
-34171 -6476
-33794 87207
-33301 33341
-33245 72076
-33095 -89668
-33061 61885
-32397 59771
-32387 -52894
-31741 -82136
-31602 45333
-31574 -35762
-31569 -41965
-31563 -4243
-31303 -30319
-30855 35214
-30851 -14773
-30787 -9827
-30482 97711
-30278 44892
-29523 -73627
-29319 -69297
-29202 -56699
-29059 78415
-28779 77261
-28554 -41067
-28067 17292
-27843 80085
-27807 6770
-27025 21549
-26950 83874
-26810 15211
-26617 57724
-26437 -9015
-26429 5776
-26256 57919
-25993 99049
-25908 -50326
-25174 1680
-25173 -44363
-25039 6101
-24760 95439
-24339 -67554
-24186 -460
-23723 -7984
-23525 39831
-22915 -41783
-22457 49044
-22378 92043
-22250 -25665
-22247 -74092
-22171 -67886
-21973 16926
-21953 -56547
-21882 -44024
-21808 -31003
-21574 -73023
-21547 -95616
-21245 -21
-21148 79710
-20983 221
-20894 -48447
-20757 92050
-20649 46860
-20393 47504
-20177 -59468
-20165 89857
-19988 34523
-19923 -13003
-19885 -16469
-19883 -83627
-19878 94946
-19551 -42785
-19411 61402
-19359 -4598
-19250 -52721
-18876 -61195
-17711 72411
-17478 -50029
-17340 27031
-17009 63504
-16915 -19401
-16760 -12734
-16638 -20888
-16584 -980
-16544 -92311
-16388 40621
-16253 -70052
-16129 61775
-15883 2271
-15689 -43237
-15402 48877
-15356 87801
-15252 -57327
-15210 -10041
-15139 53352
-15002 -62595
-14847 53620
-14814 40437
-13397 -58564
-13346 17291
-12770 35466
-12681 -66411
-12098 -76855
-11170 36137
-11109 -339
-10924 10312
-10916 21758
-10765 -24997
-10692 28240
-10617 -77664
-10528 -54255
-10375 -25758
-10233 -1551
-9799 14287
-9797 11265
-9781 -42834
-9612 -74303
-9453 34885
-9290 99211
-9129 84905
-9022 68329
-8973 -54229
-8898 46465
-8623 -73710
-8194 91781
-7328 41880
-7010 44282
-7006 -26406
-6803 2917
-6731 -45546
-6580 -69693
-6023 5038
-5995 -15153
-5841 -73874
-5833 -72502
-5630 4055
-5614 -35608
-5410 32729
-5388 -64431
-5007 71423
-4657 45271
-4517 2732
-4279 -31350
-4139 14458
-3623 -67135
-3379 20715
-3134 -71638
-3002 13570
-2802 -21473
-2625 -40857
-2574 97251
-2414 51847
-2283 -64840
-2172 5556
-2148 934
-2124 31259
-1884 1696
-1865 8671
-1734 -86393
-1301 -3206
-1287 7156
-1222 -48648
-1213 -79108
-702 91979
-531 33419
-302 -87343
-74 -6577
-15 86611
304 -48511
315 -40874
366 -92734
498 19364
509 -83924
753 -57116
845 -24031
1044 -97432
1860 95142
2209 60390
2258 -64172
2622 -27141
2855 -66046
2939 4903
3065 -23910
3954 -57477
3958 -9358
4323 -73216
4378 40989
4834 -58085
5710 -56538
5757 -19617
5843 81993
6018 -98668
6043 -59756
6199 -49598
6413 7887
6566 -17081
6607 -70
7009 -85324
7777 -14939
7853 45049
8012 -40608
8134 89378
8236 51101
8718 -43768
8726 -95247
8888 -30540
9237 94159
9405 67882
9820 48973
10556 -6046
10603 83366
10827 1839
11020 -2321
11335 66013
12264 -51642
12395 59097
12491 -29446
12649 -4496
12773 -98272
13034 36200
13088 84883
13623 -17102
13743 38776
13895 13406
13970 -65375
14013 -57563
14361 -63629
14370 -3259
14429 -41959
14680 75795
14704 63877
14832 56456
15031 -76324
15219 89232
15264 -21777
15821 52128
16020 -53094
16371 45724
16409 76929
16653 71619
16981 -72993
17058 -5875
17262 -87996
17316 -2853
17445 88377
17567 6520
17828 -91454
17878 22169
18662 10342
18719 96569
18788 -80770
19088 39066
19092 52165
19213 -18944
19452 68554
20011 -99626
20137 -53205
20200 -75390
20282 71576
20333 -85973
20526 8567
20889 -13726
21079 -24436
21104 24068
21290 -45842
21632 91577
21643 -43525
21657 -97886
21935 1612
22260 98267
22542 -71389
23160 -73797
23504 19948
23563 -97581
23642 38108
23649 49507
23888 63556
23940 71689
24420 7600
24423 81946
24497 6687
24536 -52900
24871 -19855
25068 -55157
25072 -77065
25171 83114
25212 -19155
25428 -43442
25513 -88615
25595 -34549
25655 -48507
25756 36196
25822 17489
25953 72619
25992 -98873
25997 94510
26026 16842
26362 -16877
26434 -4402
26449 -43066
26526 4004
28460 6953
28890 -3183
28920 -90541
29746 76996
29825 -69542
30325 -31217
30510 70128
30595 40614
30707 -50004
30726 -75082
30980 87805
31036 11297
31223 -58597
31510 340
31590 -71231
31834 22418
32074 32498
32084 77044
32310 73498
33339 -57241
34385 52876
34516 87133
35099 62287
35262 -92768
35263 -35295
35677 -89184
35699 60225
35848 -59945
36151 -45535
36158 -72497
36488 9016
37020 -54652
37393 -12219
37571 -54050
38128 -63587
38185 -20200
38196 22685
38370 82710
39284 -17222
39378 56462
39453 -76668
39465 81439
39673 -79027
39988 -47795
40461 -40719
40611 4647
40801 49971
40849 50499
41014 68283
41652 -56694
41663 -5307
41760 60834
41778 27685
42009 -87859
42146 -23660
42350 -96452
42489 60871
42712 -11248
42801 21554
43016 18753
43030 -14923
43252 -63019
43314 -29426
43707 -36767
43718 -62890
43894 61645
43985 -94634
44040 83609
44306 56014
44510 92650
44660 -34497
44832 -71628
44843 89250
45006 -38653
45006 47459
45226 -60588
45259 -16692
45265 96897
45269 36867
45620 46064
46301 28945
46708 75517
47145 -50188
47463 65994
47582 315
47625 24367
48212 85777
48462 -61539
48770 -6385
48820 65207
49198 -81047
49274 53114
49747 -37312
49935 -26515
50059 20861
50070 -73647
50120 38984
50441 98554
50493 10055
51196 87829
51331 67185
52258 8813
52259 -88530
52572 99740
53030 95456
53229 -16936
53423 14040
54301 -54981
54640 76575
54854 72794
54945 -35108
54973 99070
55022 83923
55311 -4213
55327 456
55333 21769
55356 54958
55737 95622
55860 -75976
56007 78792
56071 -57946
56135 -96476
56240 56862
56349 76052
56521 -26380
56947 -18238
57074 -88904
57174 -22743
57181 -94254
57502 -6665
57920 -31697
58072 72305
58199 -44085
58218 87282
58411 -67955
58418 -74150
58447 38115
58673 92350
58987 -37090
59164 -516
59760 -25037
59861 -4619
60207 32077
60212 -39011
60224 80104
60227 26194
60269 -8597
60295 -6118
60329 -20774
60350 -64201
60663 -42136
60793 -11007
60857 45558
60915 -21697
60922 -99175
61028 47926
61093 74561
61094 -30423
61159 51901
61529 -26891
61558 -43164
61648 -61570
61721 42865
62333 -40259
62465 24398
63080 77890
63082 -74603
63132 -5467
63341 -34171
63541 -25043
64557 -46217
64620 84574
64693 -29509
64857 -78623
65176 -20110
65620 87576
65923 19584
66312 -60376
66471 -10573
66800 7442
66864 14452
66995 -63255
67033 49282
67227 -18033
67325 61407
67488 64355
67673 -98280
68248 -7223
68654 61176
69263 3108
69557 -99047
69563 -46662
69593 80195
70200 21066
70332 30386
70369 -20789
70522 89439
70532 25666
70639 25494
70662 80607
71091 -42950
71258 -78204
71559 -45488
71627 -53063
72734 -37171
72977 91306
72996 -76855
73186 90619
73197 -70535
74214 -14519
74221 -12601
74252 81656
74557 30095
74655 60368
74742 -44541
74806 -29543
74811 51834
75010 -43549
75013 -91500
75558 77748
75621 -39779
75725 -83474
75869 70839
76000 24744
76844 82166
76927 -96625
77093 -47447
77267 66860
77597 -96791
77960 18289
78544 -73123
78565 -28095
79602 -26089
79604 12767
80024 -80717
80092 29585
80143 58750
80464 -95975
80489 5373
80559 -61201
80725 -63595
80908 5452
81085 91478
81297 20096
81434 -33328
81465 13244
82050 60699
82215 -98669
82253 -61056
82397 77463
82483 -65917
82540 87488
82690 -56997
82729 -91513
83329 -52530
83625 -5268
83768 -20773
83831 22620
84008 67953
84255 -97709
84301 38206
84364 -18200
84494 -78844
85004 -65362
85041 23873
85295 5394
85314 60408
85635 -88932
85686 33180
85721 -24755
85822 -31748
86086 61695
86342 -68102
86464 -27607
86818 90026
86868 20997
86915 -53378
86979 -89524
87017 -47683
87080 53138
87224 -10384
87276 -80787
87284 -6831
87301 -37163
87589 65271
87737 92252
87905 88441
88157 30132
88229 -64924
88431 -72556
88518 -93240
88577 85856
88716 -34826
88781 -5948
89264 34424
89832 -41774
89891 95350
89997 80337
90097 -73110
90155 -5830
90412 -73454
90591 86976
90592 6145
90595 -37131
91039 42610
91104 -89131
91245 17608
91361 -51554
92537 91702
92870 -68375
93099 87250
93268 70286
93348 60458
93377 -52516
94044 -97714
94374 9688
94553 3781
94723 -47190
94867 30500
95013 70961
95336 -59569
95449 85449
95699 -34379
95758 70588
95874 56460
96033 -29000
96051 -59113
96125 -2557
96691 -26090
96742 22076
96761 65041
96762 -41844
96804 84905
96907 90947
97033 12619
97040 -38451
97047 37344
97109 80056
97194 -29422
97425 -39353
97522 -84118
97680 6969
97869 76057
98262 -89793
98367 84425
98563 75071
98635 -4594
98685 -38601
99213 55572
99518 -30697
99881 36772
99977 32274
